LDI(0,10,0);
LDI(1,2,0);
LDI(2,4,0);
LDI(3,5,0);
LDI(4,8,0);
LDI(5,9,0);
LDI(6,20,0);
LDI(7,1,0);
LDI(8,15,0);
LDI(9,14,0);
LDI(10,25,0);
OR(11,0,1);
M_ADDL(12,1,2,3);
M_ADDL(13,12,2,3);
M_SUBL(14,12,13,10);
M_SUBH(15,12,13,1);
LONG_MADDL(16,12,13,14);
LONG_MADDL(17,12,13,14);
LONG_MSUBL(18,12,15,16);
LONG_MSUBH(19,12,15,16);
NOP();
CLZW(20,4,5);
AND(21,12,13);
M_ADDL(20,10,11,12);
AHU(23,1,4);
AHS(24,5,2);
BCW(25,12,12);
MAXWS(26,12,12);
MINWS(27,13,13);
MLHU(28,14,14);
MLHCU(29,12,12);
PCNTW(30,10,10);
ROTW(31,5,6);
SFWU(1,9,8);
SFHS(2,10,3);
NOP();
M_ADDL(12,1,2,3);
M_ADDL(13,12,2,3);
M_SUBL(14,12,13,10);
M_SUBH(15,12,13,1);
LONG_MADDL(16,16,13,14);
LONG_MADDL(17,17,13,14);
LONG_MSUBL(18,18,15,15);
LONG_MSUBH(20,18,15,16);
NOP();
CLZW(20,4,5);
AND(21,12,13);
AU(22,20,0);
AHU(20,20,1);
AHS(12,20,21);
AHS(13,2,20);
AHS(14,4,3);
NOP();
BCW(25,12,12);
MAXWS(26,10,11);
MINWS(28,13,13);
MLHU(28,14,14);
MLHCU(29,12,12);
PCNTW(30,0,10);
ROTW(31,7,8);
M_ADDL(20,20,11,20);
SFWU(20,19,20);
SFHS(20,19,20);
NOP();