0000011101001001001000000
1000000000101101011000110
1000100000111111011010100 
1100000101011011011000101
1100001010000000000000000
1100001110000100001100000
1100001011000000010000100
1100000101000000000000100
1100000110000000000000000		
0000011101001001001000000
1000000000000000000000000
1000100000000000000000000
1100000101000000000000000
1100001000000000000000000
1100000000000000000000000
1100001011000000000000000
1100000101000000000000000
1100000110000000000000000
0000011101001001001000000
1000000000000000000000000
1000100000000000000000000
1100000101000000000000000
1100001000000000000000000
1100000000000000000000000
1100001011000000000000000
1100000101000000000000000
1100000110000000000000000
0000011101001001001000000
1000000000000000000000000
1000100000000000000000000
1100000101000000000000000
1100001000000000000000000
1100000000000000000000000
1100001011000000000000000
1100000101000000000000000
1100000110000000000000000