11111111000000010000110011001011100001101100000001000001100010100010111111101110111111111011010101100111100100011100011111001000
01100000000011100010101010110100110100110100101110111110011101101111011010110101111000011001101001111001000101101101110011101000
00011100010110010101000111100001101011100101010101011101000111000110101111010111100100101000100000000110111010001011100000010100
10111000110010011000011110100001111100101001011100100000000111011001110000011110011010000001001011100111010001101000001010001101
10100000101000000100111011111101110011100011001000010011001100100010010010011010100101010110110110000111000010000100010000101111
11100011110010101001111100110011011100110101011001111000010010001011111000000101100001011001110110100001000110110000001001011110
10111110110000001111100000110111100011001011100101110101010111101100001100010110111000000110001011011111000000010101010011110101
10010011110010111110101010111101100000110011110010001111101001000110101010010110110111111110001100110000110000101101110110101100
11011111100100011100111111101110101100001000101010100011100100001010000110000110010011100000100010101110100111010001111010011001
10010111101010000010111111000001000100100101100010010000000010001001110101000010101011011101010001110101111101101110110001010000
01001000011001101111111110100100110011000011001000111100010100010110101111010011101110010010001000000001001101011100100000101110
01100011001011011100010000111110011001000000111001101010001111011100000101010000010010001011001111100000001111010110111100011101
10101001111011100100010101011010001001110100111011011100000010001110110010001011010111110010011111100010000100011101011000011100
01001111100100010010001110010110101111000010110010101111111011000000001110100001000101010110011100010000001010101100101100010111
10011011111001111000111110111111110010011010011001011010110010100110110001000000001110100010000000011000011010001010101100010010
11111111000000010000110011001011100001101100000001000001100010100010111111101110111111111011010101100111100100011100011111001000
01100000000011100010101010110100110100110100101110111110011101101111011010110101111000011001101001111001000101101101110011101000
00011100010110010101000111100001101011100101010101011101000111000110101111010111100100101000100000000110111010001011100000010100
10111000110010011000011110100001111100101001011100100000000111011001110000011110011010000001001011100111010001101000001010001101
10100000101000000100111011111101110011100011001000010011001100100010010010011010100101010110110110000111000010000100010000101111
11100011110010101001111100110011011100110101011001111000010010001011111000000101100001011001110110100001000110110000001001011110
10111110110000001111100000110111100011001011100101110101010111101100001100010110111000000110001011011111000000010101010011110101
10010011110010111110101010111101100000110011110010001111101001000110101010010110110111111110001100110000110000101101110110101100
11011111100100011100111111101110101100001000101010100011100100001010000110000110010011100000100010101110100111010001111010011001
10010111101010000010111111000001000100100101100010010000000010001001110101000010101011011101010001110101111101101110110001010000
01001000011001101111111110100100110011000011001000111100010100010110101111010011101110010010001000000001001101011100100000101110
01100011001011011100010000111110011001000000111001101010001111011100000101010000010010001011001111100000001111010110111100011101
10101001111011100100010101011010001001110100111011011100000010001110110010001011010111110010011111100010000100011101011000011100
01001111100100010010001110010110101111000010110010101111111011000000001110100001000101010110011100010000001010101100101100010111
10011011111001111000111110111111110010011010011001011010110010100110110001000000001110100010000000011000011010001010101100010010
10111110110000001111100000110111100011001011100101110101010111101100001100010110111000000110001011011111000000010101010011110101
10111110110000001111100000110111100011001011100101110101010111101100001100010110111000000110001011011111000000010101010011110101